[(-0.0005, -0.3254), (-0.051, -0.3289), (0.0074, -0.3437), (-0.0455, -0.3473)]
('Lighthouse 1: ', 0.043523720506509433, 0.67562769882884111, 1.9336481939212136, array([[-0.99635311,  0.00926681,  0.08482108],
       [-0.08324976,  0.11237415, -0.99017247],
       [-0.01870744, -0.99362275, -0.11119288]]), (83.61479360011009, 1.071919830986376, -175.2237757252015))
[(0.0931, -0.3074), (0.0491, -0.3015), (0.0784, -0.3223), (0.0329, -0.3159)]
('Lighthouse 2: ', -0.13193690499717384, 0.67028992534241805, 2.0809124821138023, array([[-0.89508022,  0.44402896,  0.0408617 ],
       [-0.0042644 ,  0.0831094 , -0.99653131],
       [-0.44588475, -0.89214971, -0.07249606]]), (85.35435403963544, 26.4799587423612, -179.727029736873))
[(-0.0005, -0.3254), (-0.051, -0.3289), (0.0075, -0.3437), (-0.0455, -0.3473)]
('Lighthouse 1: ', 0.042692499024976203, 0.66319923153995741, 1.8981274046481889, array([[-0.99600915,  0.01724441,  0.08756941],
       [-0.08552326,  0.09620279, -0.99168079],
       [-0.02552537, -0.99521237, -0.09434407]]), (84.5846623146602, 1.4626548705893885, -175.0922822182125))
[(0.0931, -0.3075), (0.0491, -0.3016), (0.0784, -0.3225), (0.0329, -0.3159)]
('Lighthouse 2: ', -0.11935411426656757, 0.60761414662050917, 1.8859065649804216, array([[-0.78623104,  0.61002998,  0.09850977],
       [-0.07128857,  0.06880935, -0.9950795 ],
       [-0.61380673, -0.78938501, -0.01061188]]), (89.22980609716124, 37.865265980376975, -174.8190857431018))
[(-0.0005, -0.3254), (-0.051, -0.3289), (0.0074, -0.3438), (-0.0456, -0.3473)]
('Lighthouse 1: ', 0.042896867742330862, 0.6630492147962318, 1.8975023261839346, array([[-0.98525958,  0.10939575,  0.13151475],
       [-0.11789739,  0.12281415, -0.98540189],
       [-0.12395065, -0.9863819 , -0.10810635]]), (83.74541056709009, 7.120161279109459, -173.17636072496808))
[(0.0931, -0.3074), (0.0491, -0.3016), (0.0784, -0.3225), (0.0329, -0.3159)]
('Lighthouse 2: ', -0.11295168301398852, 0.57547320347175257, 1.7864038416319001, array([[-0.72932017,  0.67285724,  0.12391622],
       [-0.10064928,  0.07363127, -0.99219361],
       [-0.67672876, -0.73609889,  0.01402182]]), (91.09128569827867, 42.58854252567119, -172.14257061571152))
[(-0.0005, -0.3254), (-0.051, -0.3289), (0.0074, -0.3437), (-0.0456, -0.3473)]
('Lighthouse 1: ', 0.042789302058705792, 0.66326147706462724, 1.8983057236722756, array([[-0.9960079 ,  0.01728702,  0.08757522],
       [-0.08553093,  0.09597259, -0.99170244],
       [-0.0255484 , -0.99523385, -0.09411089]]), (84.59808335806031, 1.4639747800412988, -175.09183795623773))
[(0.0931, -0.3074), (0.0491, -0.3016), (0.0784, -0.3225), (0.0328, -0.3159)]
('Lighthouse 2: ', -0.11152399922463824, 0.56826195142806912, 1.7640537815158057, array([[-0.73741139,  0.66628737,  0.11084038],
       [-0.09696588,  0.05797352, -0.99359785],
       [-0.6684475 , -0.7434381 ,  0.02185681]]), (91.68399003864103, 41.94735526500176, -172.50887258205515))
[(-0.0005, -0.3255), (-0.051, -0.3289), (0.0074, -0.3437), (-0.0456, -0.3473)]
('Lighthouse 1: ', 0.04242156664942727, 0.65961646449696654, 1.8877675189723495, array([[-0.99573002, -0.0822993 ,  0.04181564],
       [-0.04810842,  0.0760267 , -0.99594454],
       [ 0.07878644, -0.99370356, -0.07966136]]), (85.4166214100612, -4.518813424164248, -177.2339210109521))
[(0.0931, -0.3074), (0.0493, -0.3015), (0.0783, -0.3223), (0.0328, -0.3159)]
('Lighthouse 2: ', -0.12771985967427546, 0.64845596111967196, 2.0132132948677928, array([[-0.9087863 ,  0.41703648,  0.01371237],
       [ 0.00709021,  0.04829197, -0.9988081 ],
       [-0.41720161, -0.9076059 , -0.04684396]]), (87.04543376539185, 24.658038949425706, 179.55299624220726))
[(-0.0005, -0.3255), (-0.051, -0.329), (0.0075, -0.3438), (-0.0455, -0.3475)]
('Lighthouse 1: ', 0.04233378714094628, 0.6598214574690211, 1.8877518647403448, array([[-0.99584925, -0.07890913,  0.04536095],
       [-0.05160324,  0.07895576, -0.99554161],
       [ 0.07497581, -0.99375014, -0.0827    ]]), (85.2428005395784, -4.299832640327792, -177.03368185655293))
[(0.0931, -0.3074), (0.0491, -0.3015), (0.0784, -0.3225), (0.0328, -0.3159)]
('Lighthouse 2: ', -0.11789322612791303, 0.60012267607774672, 1.8630132652064495, array([[-0.79613899,  0.59899803,  0.08581421],
       [-0.06603797,  0.05496093, -0.9963023 ],
       [-0.60149954, -0.7988621 , -0.00419992]]), (89.69877717218964, 36.977370286530345, -175.2582964597629))
